date	เดือนที่ตรวจวัด											
	Jan	Feb	Mar	Apr	May	Jun	Jul	Aug	Sep	Oct	Nov	Dec
1	0	0	0	0	2	0.6	31.3	0	0	0.2	T	0
2	0	1.1	0	0	0	11.5	8	5.5	0	20.8	0	0
3	0	0	0	0	0	2	5	2.4	T	1.6	0	0
4	0	0	0	0.2	8.5	4.8	40.6	0	0	10.9	T	0
5	T	0	0	2.6	0	0	0.8	0	0.6	2.4	2.3	0
6	0.8	0	0	0	39.7	0	22.6	20.6	8.9	0	0	0
7	0	0	0	T	0.8	12.4	0	1.6	0.3	22.8	0	0
8	0	0	7.6	0	0	3.4	0	0	0	0	0	0
9	0	0	0	T	0	1.5	0.8	T	T	0.2	T	0
10	1	0	7.6	0	18.6	6.6	0.6	0.6	2.8	0	T	0
11	0	0	0	1.8	2.2	1.6	T	0	9.8	0	0	0
12	0	0	0	0	0	0	1.2	0	0	5.9	0	0
13	0	0	0	0	25.8	0	2	0	0	1.6	0	T
14	0	0	0	0	0	1.6	T	0	2.1	0	0	3.5
15	0	0	2.1	0	0.2	0	0	0	T	0	10.3	0
16	0	0	1.4	0	5.3	0	0.2	34.8	T	0	0	0
17	T	0	0	0	T	0.4	3.6	21.2	0.2	0	0	0
18	0	0	9.6	0	0	18.2	0.6	21.6	0	0	2.6	0
19	0	0	14	2.8	0	0	0.2	52.5	0	2.2	3	0
20	0	0	0	0	0.8	0	9.1	0.5	26.8	0	4.3	0
21	0	0	5.7	0	0	0	2.1	2.4	0	0	0	0
22	0	0	0	0	3.7	0	45	0	73.3	0	1.4	0
23	0	0	0.1	0	10.4	17.8	22.8	0	0.1	0	0	0
24	0	0.6	23.2	T	12.8	0	0	0	5.8	11.5	0	0
25	0	0	T	12	21.8	5.8	18.6	21	2	0	0	T
26	0	0	14.3	0	14.9	0.3	21.4	0.2	3.2	0	0	3.2
27	0	0	0	18.7	2.6	3.3	0.6	9.6	0.2	0	0	1.2
28	0	0	0	29.3	34.5	T	0.2	34.2	1.4	0	0	0
29	0		0	0	2.4	4.8	1	0	1.8	0	0	0
30	0		7.6	0	2.2	2.3	0	35.6	2.1	0	0	0
31	0		11.4		9.3		0	4.3		0		0
